6.0
33
  1    1.0000000000    6.0000000000
  1    0.5000000000    6.0000000000
  1    0.1000000000    6.0000000000
  1    0.0500000000    6.0000000000
  1    0.0100000000    6.0000000000
  1    0.0050000000    6.0000000000
  1    0.0010000000    6.0000000000
  2    0.0100000000    6.0000000000
  2    0.0100000000    2.0000000000
  2    0.0100000000    1.5000000000
  2    0.0100000000    5.0000000000
  2    0.0100000000    4.0000000000
  2    0.0100000000    3.5000000000
  2    0.0100000000    3.0000000000
  3    3.0000000000    6.0000000000
  3    2.5000000000    6.0000000000
  3    2.0000000000    6.0000000000
  3    1.5000000000    6.0000000000
  3    1.0000000000    6.0000000000
  2    0.1000000000    6.0000000000
  2    0.1000000000    2.0000000000
  2    0.1000000000    1.5000000000
  2    0.1000000000    5.0000000000
  2    0.1000000000    4.0000000000
  2    0.1000000000    3.5000000000
  2    0.1000000000    3.0000000000
  4    0.0100000000    6.0000000000
  4    0.0100000000    2.0000000000
  4    0.0100000000    1.5000000000
  4    0.0100000000    5.0000000000
  4    0.0100000000    4.0000000000
  4    0.0100000000    3.5000000000
  4    0.0100000000    3.0000000000
